z: 0
f: 0.00154799
g: 0.00154799
a: 0.00773994
c: 0.00773994
e: 0.00773994
o: 0.0108359
q: 0.0108359
l: 0.0123839
t: 0.0201238
n: 0.0263158
s: 0.0263158
y: 0.0294118
x: 0.0309598
v: 0.0340557
d: 0.0356037
h: 0.0356037
u: 0.0371517
p: 0.0464396
i: 0.0634675
w: 0.0727554
j: 0.0743034
k: 0.0758514
m: 0.0959752
b: 0.105263
r: 0.130031
