r: 0.130031
b: 0.105263
m: 0.0959752
k: 0.0758514
j: 0.0743034
w: 0.0727554
i: 0.0634675
p: 0.0464396
u: 0.0371517
h: 0.0356037
d: 0.0356037
v: 0.0340557
x: 0.0309598
y: 0.0294118
s: 0.0263158
n: 0.0263158
t: 0.0201238
l: 0.0123839
q: 0.0108359
o: 0.0108359
e: 0.00773994
c: 0.00773994
a: 0.00773994
g: 0.00154799
f: 0.00154799
z: 0
